{"producer":{"name":"Blender","version":"2.79 (sub 0)","exporter_version":"5.5.0","file":"unhuman.babylon"},
"autoClear":true,"clearColor":[0.0509,0.0509,0.0509],"ambientColor":[0,0,0],"gravity":[0,-9.81,0],
"materials":[],
"multiMaterials":[],
"skeletons":[{"name":"Armature","id":0,"dimensionsAtRest":[9.3924,15.0895,1.0758],"bones":[
{"name":"Bone","index":0,"matrix":[0.9989,0.0468,0.0012,0,-0.0468,0.9975,0.0522,0,-0.0012,0.0522,-0.9986,0,0,5.7417,0,1],"rest":[0.9989,0.0468,0.0012,0,-0.0468,0.9975,0.0522,0,-0.0012,0.0522,-0.9986,0,0,5.7417,0,1],"parentBoneIndex":-1,"length":2.0729
,"animation":{"dataType":3,"framePerSecond":24,"keys":[
{"frame":3,"values":[0.9989,0.0468,0.0012,0,-0.0468,0.9975,0.0522,0,-0.0012,0.0522,-0.9986,0,0,5.7417,0,1]},
{"frame":68,"values":[0.9989,0.0468,0.0012,0,-0.0468,0.9975,0.0522,0,-0.0012,0.0522,-0.9986,0,0,5.7417,0,1]}],"loopBehavior":1,"name":"anim","property":"_matrix"}},
{"name":"Bone.002","index":1,"matrix":[0.0012,0.0522,-0.9986,0,0.0363,0.998,0.0522,0,0.9993,-0.0363,-0.0007,0,0,2.0729,0,1],"rest":[0.0012,0.0522,-0.9986,0,0.0363,0.998,0.0522,0,0.9993,-0.0363,-0.0007,0,0,2.0729,0,1],"parentBoneIndex":0,"length":1.6204
,"animation":{"dataType":3,"framePerSecond":24,"keys":[
{"frame":3,"values":[0.0012,0.0522,-0.9986,0,0.0363,0.998,0.0522,0,0.9993,-0.0363,-0.0007,0,0,2.0729,0,1]},
{"frame":68,"values":[0.0012,0.0522,-0.9986,0,0.0363,0.998,0.0522,0,0.9993,-0.0363,-0.0007,0,0,2.0729,0,1]}],"loopBehavior":1,"name":"anim","property":"_matrix"}},
{"name":"Bone.007","index":2,"matrix":[0.1326,-0.0104,0.9911,0,0.1108,0.9938,-0.0044,0,-0.985,0.1104,0.1329,0,0,1.6204,0,1],"rest":[0.1326,-0.0104,0.9911,0,0.1108,0.9938,-0.0044,0,-0.985,0.1104,0.1329,0,0,1.6204,0,1],"parentBoneIndex":1,"length":0.8801
,"animation":{"dataType":3,"framePerSecond":24,"keys":[
{"frame":3,"values":[0.1326,-0.0104,0.9911,0,0.1108,0.9938,-0.0044,0,-0.985,0.1104,0.1329,0,0,1.6204,0,1]},
{"frame":68,"values":[0.1326,-0.0104,0.9911,0,0.1108,0.9938,-0.0044,0,-0.985,0.1104,0.1329,0,0,1.6204,0,1]}],"loopBehavior":1,"name":"anim","property":"_matrix"}},
{"name":"Bone.005","index":3,"matrix":[1,0,0,0,0,1,0,0,0,0,1,0,0,0,0,1],"rest":[1,0,0,0,0,1,0,0,0,0,1,0,0,0,0,1],"parentBoneIndex":2,"length":0.8801
,"animation":{"dataType":3,"framePerSecond":24,"keys":[
{"frame":3,"values":[1,0,0,0,0,1,0,0,0,0,1,0,0,0,0,1]},
{"frame":68,"values":[1,0,0,0,0,1,0,0,0,0,1,0,0,0,0,1]}],"loopBehavior":1,"name":"anim","property":"_matrix"}},
{"name":"Bone.008","index":4,"matrix":[0.9824,-0.0182,-0.1858,0,0.0185,0.9998,0,0,0.1858,-0.0034,0.9826,0,0,0.8801,0,1],"rest":[0.9824,-0.0182,-0.1858,0,0.0185,0.9998,0,0,0.1858,-0.0034,0.9826,0,0,0.8801,0,1],"parentBoneIndex":3,"length":0.5527
,"animation":{"dataType":3,"framePerSecond":24,"keys":[
{"frame":3,"values":[0.9824,-0.0182,-0.1858,0,0.0185,0.9998,0,0,0.1858,-0.0034,0.9826,0,0,0.8801,0,1]},
{"frame":68,"values":[0.9824,-0.0182,-0.1858,0,0.0185,0.9998,0,0,0.1858,-0.0034,0.9826,0,0,0.8801,0,1]}],"loopBehavior":1,"name":"anim","property":"_matrix"}},
{"name":"Bone.011","index":5,"matrix":[0.9571,0.0101,0.2894,0,-0.0502,0.9901,0.1314,0,-0.2852,-0.1403,0.9481,0,0,0.5527,0,1],"rest":[0.9571,0.0101,0.2894,0,-0.0502,0.9901,0.1314,0,-0.2852,-0.1403,0.9481,0,0,0.5527,0,1],"parentBoneIndex":4,"length":4.1913
,"animation":{"dataType":3,"framePerSecond":24,"keys":[
{"frame":3,"values":[0.9571,0.0101,0.2894,0,-0.0502,0.9901,0.1314,0,-0.2852,-0.1403,0.9481,0,0,0.5527,0,1]},
{"frame":68,"values":[0.9571,0.0101,0.2894,0,-0.0502,0.9901,0.1314,0,-0.2852,-0.1403,0.9481,0,0,0.5527,0,1]}],"loopBehavior":1,"name":"anim","property":"_matrix"}},
{"name":"Bone.006","index":6,"matrix":[1,0,0,0,0,1,0,0,0,0,1,0,0,0,0,1],"rest":[1,0,0,0,0,1,0,0,0,0,1,0,0,0,0,1],"parentBoneIndex":2,"length":0.8801
,"animation":{"dataType":3,"framePerSecond":24,"keys":[
{"frame":3,"values":[1,0,0,0,0,1,0,0,0,0,1,0,0,0,0,1]},
{"frame":68,"values":[1,0,0,0,0,1,0,0,0,0,1,0,0,0,0,1]}],"loopBehavior":1,"name":"anim","property":"_matrix"}},
{"name":"Bone.009","index":7,"matrix":[0.9824,-0.0182,-0.1858,0,0.0185,0.9998,0,0,0.1858,-0.0034,0.9826,0,0,0.8801,0,1],"rest":[0.9824,-0.0182,-0.1858,0,0.0185,0.9998,0,0,0.1858,-0.0034,0.9826,0,0,0.8801,0,1],"parentBoneIndex":6,"length":0.5527
,"animation":{"dataType":3,"framePerSecond":24,"keys":[
{"frame":3,"values":[0.9824,-0.0182,-0.1858,0,0.0185,0.9998,0,0,0.1858,-0.0034,0.9826,0,0,0.8801,0,1]},
{"frame":68,"values":[0.9824,-0.0182,-0.1858,0,0.0185,0.9998,0,0,0.1858,-0.0034,0.9826,0,0,0.8801,0,1]}],"loopBehavior":1,"name":"anim","property":"_matrix"}},
{"name":"Bone.012","index":8,"matrix":[0.9571,0.0101,0.2894,0,-0.0502,0.9901,0.1314,0,-0.2852,-0.1403,0.9481,0,0,0.5527,0,1],"rest":[0.9571,0.0101,0.2894,0,-0.0502,0.9901,0.1314,0,-0.2852,-0.1403,0.9481,0,0,0.5527,0,1],"parentBoneIndex":7,"length":4.1913
,"animation":{"dataType":3,"framePerSecond":24,"keys":[
{"frame":3,"values":[0.9571,0.0101,0.2894,0,-0.0502,0.9901,0.1314,0,-0.2852,-0.1403,0.9481,0,0,0.5527,0,1]},
{"frame":68,"values":[0.9571,0.0101,0.2894,0,-0.0502,0.9901,0.1314,0,-0.2852,-0.1403,0.9481,0,0,0.5527,0,1]}],"loopBehavior":1,"name":"anim","property":"_matrix"}},
{"name":"Bone.010","index":9,"matrix":[0.9824,-0.0182,-0.1858,0,0.0185,0.9998,0,0,0.1858,-0.0034,0.9826,0,0,0.8801,0,1],"rest":[0.9824,-0.0182,-0.1858,0,0.0185,0.9998,0,0,0.1858,-0.0034,0.9826,0,0,0.8801,0,1],"parentBoneIndex":2,"length":0.5527
,"animation":{"dataType":3,"framePerSecond":24,"keys":[
{"frame":3,"values":[0.9824,-0.0182,-0.1858,0,0.0185,0.9998,0,0,0.1858,-0.0034,0.9826,0,0,0.8801,0,1]},
{"frame":68,"values":[0.9824,-0.0182,-0.1858,0,0.0185,0.9998,0,0,0.1858,-0.0034,0.9826,0,0,0.8801,0,1]}],"loopBehavior":1,"name":"anim","property":"_matrix"}},
{"name":"Bone.013","index":10,"matrix":[0.9571,0.0101,0.2894,0,-0.0502,0.9901,0.1314,0,-0.2852,-0.1403,0.9481,0,0,0.5527,0,1],"rest":[0.9571,0.0101,0.2894,0,-0.0502,0.9901,0.1314,0,-0.2852,-0.1403,0.9481,0,0,0.5527,0,1],"parentBoneIndex":9,"length":4.1913
,"animation":{"dataType":3,"framePerSecond":24,"keys":[
{"frame":3,"values":[0.9571,0.0101,0.2894,0,-0.0502,0.9901,0.1314,0,-0.2852,-0.1403,0.9481,0,0,0.5527,0,1]},
{"frame":68,"values":[0.9571,0.0101,0.2894,0,-0.0502,0.9901,0.1314,0,-0.2852,-0.1403,0.9481,0,0,0.5527,0,1]}],"loopBehavior":1,"name":"anim","property":"_matrix"}},
{"name":"Bone.014","index":11,"matrix":[-0.5111,-0.8099,-0.2879,0,0.8261,-0.5553,0.0955,0,-0.2373,-0.189,0.9529,0,0.9937,0.4331,0.1422,1],"rest":[-0.5111,-0.8099,-0.2879,0,0.8261,-0.5553,0.0955,0,-0.2373,-0.189,0.9529,0,0.9937,0.4331,0.1422,1],"parentBoneIndex":2,"length":1.7858
,"animation":{"dataType":3,"framePerSecond":24,"keys":[
{"frame":3,"values":[-0.5111,-0.8099,-0.2879,0,0.8261,-0.5553,0.0955,0,-0.2373,-0.189,0.9529,0,0.9937,0.4331,0.1422,1]},
{"frame":68,"values":[-0.5111,-0.8099,-0.2879,0,0.8261,-0.5553,0.0955,0,-0.2373,-0.189,0.9529,0,0.9937,0.4331,0.1422,1]}],"loopBehavior":1,"name":"anim","property":"_matrix"}},
{"name":"Bone.015","index":12,"matrix":[-0.1261,0.0461,0.9909,0,0.506,0.8622,0.0243,0,-0.8533,0.5045,-0.132,0,0,1.7858,0,1],"rest":[-0.1261,0.0461,0.9909,0,0.506,0.8622,0.0243,0,-0.8533,0.5045,-0.132,0,0,1.7858,0,1],"parentBoneIndex":11,"length":1.7437
,"animation":{"dataType":3,"framePerSecond":24,"keys":[
{"frame":3,"values":[-0.1261,0.0461,0.9909,0,0.506,0.8622,0.0243,0,-0.8533,0.5045,-0.132,0,0,1.7858,0,1]},
{"frame":68,"values":[-0.1261,0.0461,0.9909,0,0.506,0.8622,0.0243,0,-0.8533,0.5045,-0.132,0,0,1.7858,0,1]}],"loopBehavior":1,"name":"anim","property":"_matrix"}},
{"name":"Bone.016","index":13,"matrix":[1,0,0,0,0,0.9984,0.0566,0,0,-0.0566,0.9984,0,0,1.7437,0,1],"rest":[1,0,0,0,0,0.9984,0.0566,0,0,-0.0566,0.9984,0,0,1.7437,0,1],"parentBoneIndex":12,"length":1.9993
,"animation":{"dataType":3,"framePerSecond":24,"keys":[
{"frame":3,"values":[1,0,0,0,0,0.9984,0.0566,0,0,-0.0566,0.9984,0,0,1.7437,0,1]},
{"frame":68,"values":[1,0,0,0,0,0.9984,0.0566,0,0,-0.0566,0.9984,0,0,1.7437,0,1]}],"loopBehavior":1,"name":"anim","property":"_matrix"}},
{"name":"Bone.017","index":14,"matrix":[1,0,0,0,0,0.999,-0.0438,0,0,0.0438,0.999,0,0,1.9993,0,1],"rest":[1,0,0,0,0,0.999,-0.0438,0,0,0.0438,0.999,0,0,1.9993,0,1],"parentBoneIndex":13,"length":1.0162
,"animation":{"dataType":3,"framePerSecond":24,"keys":[
{"frame":3,"values":[1,0,0,0,0,0.999,-0.0438,0,0,0.0438,0.999,0,0,1.9993,0,1]},
{"frame":68,"values":[1,0,0,0,0,0.999,-0.0438,0,0,0.0438,0.999,0,0,1.9993,0,1]}],"loopBehavior":1,"name":"anim","property":"_matrix"}},
{"name":"Bone.022","index":15,"matrix":[-0.4926,0.8359,-0.2421,0,-0.8383,-0.5304,-0.1258,0,-0.2335,0.141,0.9621,0,-0.86,0.4364,-0.107,1],"rest":[-0.4926,0.8359,-0.2421,0,-0.8383,-0.5304,-0.1258,0,-0.2335,0.141,0.9621,0,-0.86,0.4364,-0.107,1],"parentBoneIndex":2,"length":1.7858
,"animation":{"dataType":3,"framePerSecond":24,"keys":[
{"frame":3,"values":[-0.4926,0.8359,-0.2421,0,-0.8383,-0.5304,-0.1258,0,-0.2335,0.141,0.9621,0,-0.86,0.4364,-0.107,1]},
{"frame":68,"values":[-0.4926,0.8359,-0.2421,0,-0.8383,-0.5304,-0.1258,0,-0.2335,0.141,0.9621,0,-0.86,0.4364,-0.107,1]}],"loopBehavior":1,"name":"anim","property":"_matrix"}},
{"name":"Bone.023","index":16,"matrix":[-0.2658,0.0461,0.9629,0,-0.4762,0.8622,-0.1727,0,-0.8382,-0.5045,-0.2072,0,0,1.7858,0,1],"rest":[-0.2658,0.0461,0.9629,0,-0.4762,0.8622,-0.1727,0,-0.8382,-0.5045,-0.2072,0,0,1.7858,0,1],"parentBoneIndex":15,"length":1.7438
,"animation":{"dataType":3,"framePerSecond":24,"keys":[
{"frame":3,"values":[-0.2658,0.0461,0.9629,0,-0.4762,0.8622,-0.1727,0,-0.8382,-0.5045,-0.2072,0,0,1.7858,0,1]},
{"frame":68,"values":[-0.2658,0.0461,0.9629,0,-0.4762,0.8622,-0.1727,0,-0.8382,-0.5045,-0.2072,0,0,1.7858,0,1]}],"loopBehavior":1,"name":"anim","property":"_matrix"}},
{"name":"Bone.024","index":17,"matrix":[1,0,0,0,0,0.9984,-0.0566,0,0,0.0566,0.9984,0,0,1.7437,0,1],"rest":[1,0,0,0,0,0.9984,-0.0566,0,0,0.0566,0.9984,0,0,1.7437,0,1],"parentBoneIndex":16,"length":1.9993
,"animation":{"dataType":3,"framePerSecond":24,"keys":[
{"frame":3,"values":[1,0,0,0,0,0.9984,-0.0566,0,0,0.0566,0.9984,0,0,1.7437,0,1]},
{"frame":68,"values":[1,0,0,0,0,0.9984,-0.0566,0,0,0.0566,0.9984,0,0,1.7437,0,1]}],"loopBehavior":1,"name":"anim","property":"_matrix"}},
{"name":"Bone.025","index":18,"matrix":[1,0,0,0,0,0.999,0.0438,0,0,-0.0438,0.999,0,0,1.9993,0,1],"rest":[1,0,0,0,0,0.999,0.0438,0,0,-0.0438,0.999,0,0,1.9993,0,1],"parentBoneIndex":17,"length":1.0162
,"animation":{"dataType":3,"framePerSecond":24,"keys":[
{"frame":3,"values":[1,0,0,0,0,0.999,0.0438,0,0,-0.0438,0.999,0,0,1.9993,0,1]},
{"frame":68,"values":[1,0,0,0,0,0.999,0.0438,0,0,-0.0438,0.999,0,0,1.9993,0,1]}],"loopBehavior":1,"name":"anim","property":"_matrix"}},
{"name":"Bone.018","index":19,"matrix":[-0.991,-0.0634,0.118,0,0.134,-0.4775,0.8683,0,0.0013,0.8763,0.4817,0,0.736,0.059,-0.0976,1],"rest":[-0.9994,-0.0343,-0.003,0,0.0344,-0.998,-0.0521,0,-0.0012,-0.0522,0.9986,0,0.736,0.059,-0.0976,1],"parentBoneIndex":0,"length":1.7895
,"animation":{"dataType":3,"framePerSecond":24,"keys":[
{"frame":3,"values":[-0.991,-0.0634,0.118,0,0.134,-0.4775,0.8683,0,0.0013,0.8763,0.4817,0,0.736,0.059,-0.0976,1]},
{"frame":40,"values":[-0.991,-0.0634,0.1179,0,0.1338,-0.4879,0.8626,0,0.0029,0.8706,0.492,0,0.736,0.059,-0.0976,1]},
{"frame":41,"values":[-0.9911,-0.0632,0.1175,0,0.1332,-0.5189,0.8444,0,0.0076,0.8525,0.5227,0,0.736,0.059,-0.0976,1]},
{"frame":42,"values":[-0.9912,-0.063,0.1167,0,0.1318,-0.5696,0.8113,0,0.0154,0.8195,0.5728,0,0.736,0.059,-0.0976,1]},
{"frame":43,"values":[-0.9913,-0.0625,0.1157,0,0.129,-0.6366,0.7603,0,0.0261,0.7686,0.6392,0,0.736,0.059,-0.0976,1]},
{"frame":44,"values":[-0.9915,-0.0619,0.1146,0,0.1242,-0.7142,0.6889,0,0.0392,0.6972,0.7158,0,0.736,0.059,-0.0976,1]},
{"frame":45,"values":[-0.9917,-0.061,0.1133,0,0.117,-0.7939,0.5967,0,0.0536,0.605,0.7944,0,0.736,0.059,-0.0976,1]},
{"frame":46,"values":[-0.9919,-0.0598,0.1121,0,0.1074,-0.8662,0.488,0,0.0679,0.4961,0.8656,0,0.736,0.059,-0.0976,1]},
{"frame":47,"values":[-0.9921,-0.0585,0.111,0,0.096,-0.9237,0.3708,0,0.0809,0.3785,0.9221,0,0.736,0.059,-0.0976,1]},
{"frame":48,"values":[-0.9923,-0.0572,0.1102,0,0.0839,-0.963,0.2559,0,0.0915,0.2632,0.9604,0,0.736,0.059,-0.0976,1]},
{"frame":49,"values":[-0.9924,-0.056,0.1096,0,0.0725,-0.9855,0.1533,0,0.0994,0.1601,0.9821,0,0.736,0.059,-0.0976,1]},
{"frame":50,"values":[-0.9925,-0.0549,0.1092,0,0.0628,-0.9956,0.0701,0,0.1049,0.0765,0.9916,0,0.736,0.059,-0.0976,1]},
{"frame":51,"values":[-0.9926,-0.0542,0.109,0,0.0556,-0.9984,0.0101,0,0.1083,0.0161,0.994,0,0.736,0.059,-0.0976,1]},
{"frame":52,"values":[-0.9926,-0.0537,0.1089,0,0.0512,-0.9984,-0.0257,0,0.1101,-0.0199,0.9937,0,0.736,0.059,-0.0976,1]},
{"frame":53,"values":[-0.9926,-0.0536,0.1088,0,0.0498,-0.9981,-0.0374,0,0.1106,-0.0317,0.9934,0,0.736,0.059,-0.0976,1]},
{"frame":54,"values":[-0.9928,-0.0541,0.1073,0,0.0504,-0.998,-0.0374,0,0.1092,-0.0317,0.9935,0,0.736,0.059,-0.0976,1]},
{"frame":55,"values":[-0.9931,-0.0557,0.1028,0,0.0521,-0.9979,-0.0373,0,0.1047,-0.0317,0.994,0,0.736,0.059,-0.0976,1]},
{"frame":56,"values":[-0.9937,-0.0584,0.0952,0,0.055,-0.9978,-0.0372,0,0.0972,-0.0317,0.9948,0,0.736,0.059,-0.0976,1]},
{"frame":57,"values":[-0.9945,-0.062,0.0848,0,0.0591,-0.9976,-0.037,0,0.0869,-0.0317,0.9957,0,0.736,0.059,-0.0976,1]},
{"frame":58,"values":[-0.9952,-0.0666,0.0719,0,0.0641,-0.9973,-0.0366,0,0.0741,-0.0318,0.9968,0,0.736,0.059,-0.0976,1]},
{"frame":59,"values":[-0.9958,-0.0719,0.0569,0,0.0699,-0.9969,-0.0361,0,0.0594,-0.032,0.9977,0,0.736,0.059,-0.0976,1]},
{"frame":60,"values":[-0.9962,-0.0776,0.0406,0,0.0762,-0.9965,-0.0355,0,0.0433,-0.0323,0.9986,0,0.736,0.059,-0.0976,1]},
{"frame":61,"values":[-0.9962,-0.0835,0.0239,0,0.0826,-0.996,-0.0347,0,0.0267,-0.0326,0.9991,0,0.736,0.059,-0.0976,1]},
{"frame":62,"values":[-0.996,-0.0892,0.0076,0,0.0889,-0.9955,-0.0339,0,0.0106,-0.0331,0.9994,0,0.736,0.059,-0.0976,1]},
{"frame":63,"values":[-0.9955,-0.0944,-0.0074,0,0.0946,-0.995,-0.033,0,-0.0042,-0.0336,0.9994,0,0.736,0.059,-0.0976,1]},
{"frame":64,"values":[-0.9949,-0.0989,-0.0203,0,0.0996,-0.9945,-0.0322,0,-0.017,-0.0341,0.9993,0,0.736,0.059,-0.0976,1]},
{"frame":65,"values":[-0.9943,-0.1026,-0.0308,0,0.1035,-0.9941,-0.0315,0,-0.0273,-0.0345,0.999,0,0.736,0.059,-0.0976,1]},
{"frame":66,"values":[-0.9937,-0.1052,-0.0383,0,0.1064,-0.9938,-0.031,0,-0.0348,-0.0349,0.9988,0,0.736,0.059,-0.0976,1]},
{"frame":67,"values":[-0.9934,-0.1068,-0.0429,0,0.1081,-0.9937,-0.0306,0,-0.0393,-0.0351,0.9986,0,0.736,0.059,-0.0976,1]},
{"frame":68,"values":[-0.9932,-0.1073,-0.0444,0,0.1087,-0.9936,-0.0305,0,-0.0408,-0.0351,0.9986,0,0.736,0.059,-0.0976,1]}],"loopBehavior":1,"name":"anim","property":"_matrix"}},
{"name":"Bone.019","index":20,"matrix":[-0.0405,-0.3741,-0.9265,0,0.0902,0.9221,-0.3763,0,0.9951,-0.0988,-0.0036,0,0,1.7895,0,1],"rest":[0,0,-1,0,0.0945,0.9955,0,0,0.9955,-0.0945,0,0,0,1.7895,0,1],"parentBoneIndex":19,"length":2.616
,"animation":{"dataType":3,"framePerSecond":24,"keys":[
{"frame":3,"values":[-0.1208,-0.7976,-0.5909,0,0.0554,0.5889,-0.8063,0,0.9911,-0.1301,-0.027,0,0,1.7895,0,1]},
{"frame":4,"values":[-0.1204,-0.7957,-0.5936,0,0.0557,0.5915,-0.8043,0,0.9912,-0.1299,-0.0269,0,0,1.7895,0,1]},
{"frame":5,"values":[-0.1192,-0.7899,-0.6016,0,0.0567,0.5995,-0.7984,0,0.9913,-0.1292,-0.0266,0,0,1.7895,0,1]},
{"frame":6,"values":[-0.117,-0.7799,-0.6148,0,0.0584,0.6126,-0.7882,0,0.9914,-0.1281,-0.0262,0,0,1.7895,0,1]},
{"frame":7,"values":[-0.114,-0.7656,-0.6332,0,0.0606,0.6308,-0.7736,0,0.9916,-0.1266,-0.0255,0,0,1.7895,0,1]},
{"frame":8,"values":[-0.1101,-0.7466,-0.6561,0,0.0634,0.6535,-0.7543,0,0.9919,-0.1247,-0.0246,0,0,1.7895,0,1]},
{"frame":9,"values":[-0.1053,-0.7229,-0.6829,0,0.0666,0.6801,-0.7301,0,0.9922,-0.1224,-0.0235,0,0,1.7895,0,1]},
{"frame":10,"values":[-0.0996,-0.6943,-0.7127,0,0.0701,0.7096,-0.7011,0,0.9926,-0.1198,-0.022,0,0,1.7895,0,1]},
{"frame":11,"values":[-0.0931,-0.6611,-0.7445,0,0.0736,0.7411,-0.6673,0,0.9929,-0.1169,-0.0203,0,0,1.7895,0,1]},
{"frame":12,"values":[-0.0859,-0.6237,-0.7769,0,0.0771,0.7733,-0.6294,0,0.9933,-0.114,-0.0183,0,0,1.7895,0,1]},
{"frame":13,"values":[-0.0782,-0.583,-0.8087,0,0.0804,0.8048,-0.588,0,0.9937,-0.111,-0.016,0,0,1.7895,0,1]},
{"frame":14,"values":[-0.0702,-0.5401,-0.8387,0,0.0833,0.8347,-0.5444,0,0.994,-0.1081,-0.0136,0,0,1.7895,0,1]},
{"frame":15,"values":[-0.0622,-0.4962,-0.866,0,0.0858,0.8618,-0.5,0,0.9944,-0.1054,-0.011,0,0,1.7895,0,1]},
{"frame":16,"values":[-0.0544,-0.453,-0.8898,0,0.0877,0.8855,-0.4562,0,0.9947,-0.1029,-0.0085,0,0,1.7895,0,1]},
{"frame":17,"values":[-0.0471,-0.4119,-0.91,0,0.0892,0.9057,-0.4145,0,0.9949,-0.1007,-0.006,0,0,1.7895,0,1]},
{"frame":18,"values":[-0.0405,-0.3741,-0.9265,0,0.0902,0.9221,-0.3763,0,0.9951,-0.0988,-0.0036,0,0,1.7895,0,1]},
{"frame":19,"values":[-0.0348,-0.3409,-0.9395,0,0.0908,0.9351,-0.3427,0,0.9953,-0.0973,-0.0015,0,0,1.7895,0,1]},
{"frame":20,"values":[-0.03,-0.313,-0.9493,0,0.0912,0.9449,-0.3144,0,0.9954,-0.096,0.0002,0,0,1.7895,0,1]},
{"frame":21,"values":[-0.0262,-0.2909,-0.9564,0,0.0914,0.952,-0.2921,0,0.9955,-0.0951,0.0016,0,0,1.7895,0,1]},
{"frame":22,"values":[-0.0235,-0.2751,-0.9611,0,0.0915,0.9568,-0.2761,0,0.9955,-0.0945,0.0027,0,0,1.7895,0,1]},
{"frame":23,"values":[-0.0219,-0.2656,-0.9638,0,0.0916,0.9595,-0.2665,0,0.9956,-0.0941,0.0033,0,0,1.7895,0,1]},
{"frame":24,"values":[-0.0214,-0.2625,-0.9647,0,0.0916,0.9603,-0.2633,0,0.9956,-0.094,0.0035,0,0,1.7895,0,1]},
{"frame":25,"values":[-0.0225,-0.2686,-0.963,0,0.0916,0.9586,-0.2696,0,0.9955,-0.0942,0.0031,0,0,1.7895,0,1]},
{"frame":26,"values":[-0.0256,-0.2873,-0.9575,0,0.0915,0.9531,-0.2884,0,0.9955,-0.095,0.0019,0,0,1.7895,0,1]},
{"frame":27,"values":[-0.0309,-0.3181,-0.9476,0,0.0912,0.9432,-0.3196,0,0.9954,-0.0963,-0.0001,0,0,1.7895,0,1]},
{"frame":28,"values":[-0.0381,-0.3603,-0.9321,0,0.0905,0.9277,-0.3623,0,0.9952,-0.0982,-0.0028,0,0,1.7895,0,1]},
{"frame":29,"values":[-0.0471,-0.4119,-0.91,0,0.0892,0.9057,-0.4145,0,0.9949,-0.1007,-0.006,0,0,1.7895,0,1]},
{"frame":30,"values":[-0.0575,-0.4701,-0.8807,0,0.087,0.8765,-0.4735,0,0.9945,-0.1038,-0.0095,0,0,1.7895,0,1]},
{"frame":31,"values":[-0.0686,-0.5313,-0.8444,0,0.0838,0.8403,-0.5356,0,0.9941,-0.1075,-0.0131,0,0,1.7895,0,1]},
{"frame":32,"values":[-0.0797,-0.5914,-0.8024,0,0.0798,0.7986,-0.5965,0,0.9936,-0.1116,-0.0165,0,0,1.7895,0,1]},
{"frame":33,"values":[-0.0903,-0.6466,-0.7574,0,0.075,0.754,-0.6526,0,0.9931,-0.1158,-0.0195,0,0,1.7895,0,1]},
{"frame":34,"values":[-0.0996,-0.6943,-0.7127,0,0.0701,0.7096,-0.7011,0,0.9926,-0.1198,-0.022,0,0,1.7895,0,1]},
{"frame":35,"values":[-0.1073,-0.733,-0.6717,0,0.0653,0.669,-0.7404,0,0.9921,-0.1233,-0.024,0,0,1.7895,0,1]},
{"frame":36,"values":[-0.1133,-0.7622,-0.6374,0,0.0611,0.635,-0.7701,0,0.9917,-0.1262,-0.0254,0,0,1.7895,0,1]},
{"frame":37,"values":[-0.1175,-0.7823,-0.6118,0,0.058,0.6096,-0.7906,0,0.9914,-0.1284,-0.0263,0,0,1.7895,0,1]},
{"frame":38,"values":[-0.12,-0.7939,-0.5961,0,0.056,0.5941,-0.8025,0,0.9912,-0.1297,-0.0268,0,0,1.7895,0,1]},
{"frame":39,"values":[-0.1208,-0.7976,-0.5909,0,0.0554,0.5889,-0.8063,0,0.9911,-0.1301,-0.027,0,0,1.7895,0,1]},
{"frame":40,"values":[-0.1199,-0.7933,-0.5969,0,0.0561,0.5948,-0.8019,0,0.9912,-0.1296,-0.0268,0,0,1.7895,0,1]},
{"frame":41,"values":[-0.117,-0.7799,-0.6148,0,0.0584,0.6126,-0.7882,0,0.9914,-0.1281,-0.0262,0,0,1.7895,0,1]},
{"frame":42,"values":[-0.1122,-0.7567,-0.6441,0,0.062,0.6416,-0.7646,0,0.9918,-0.1257,-0.0251,0,0,1.7895,0,1]},
{"frame":43,"values":[-0.1053,-0.7229,-0.6829,0,0.0666,0.6801,-0.7301,0,0.9922,-0.1224,-0.0235,0,0,1.7895,0,1]},
{"frame":44,"values":[-0.0964,-0.6783,-0.7285,0,0.0718,0.7252,-0.6848,0,0.9927,-0.1184,-0.0212,0,0,1.7895,0,1]},
{"frame":45,"values":[-0.0859,-0.6237,-0.7769,0,0.0771,0.7733,-0.6294,0,0.9933,-0.114,-0.0183,0,0,1.7895,0,1]},
{"frame":46,"values":[-0.0742,-0.5617,-0.824,0,0.0819,0.82,-0.5664,0,0.9939,-0.1095,-0.0148,0,0,1.7895,0,1]},
{"frame":47,"values":[-0.0622,-0.4962,-0.866,0,0.0858,0.8618,-0.5,0,0.9944,-0.1054,-0.011,0,0,1.7895,0,1]},
{"frame":48,"values":[-0.0507,-0.4321,-0.9004,0,0.0885,0.8961,-0.435,0,0.9948,-0.1017,-0.0072,0,0,1.7895,0,1]},
{"frame":49,"values":[-0.0405,-0.3741,-0.9265,0,0.0902,0.9221,-0.3763,0,0.9951,-0.0988,-0.0036,0,0,1.7895,0,1]},
{"frame":50,"values":[-0.0323,-0.3262,-0.9447,0,0.0911,0.9403,-0.3278,0,0.9953,-0.0966,-0.0006,0,0,1.7895,0,1]},
{"frame":51,"values":[-0.0262,-0.2909,-0.9564,0,0.0914,0.952,-0.2921,0,0.9955,-0.0951,0.0016,0,0,1.7895,0,1]},
{"frame":52,"values":[-0.0226,-0.2696,-0.9627,0,0.0916,0.9584,-0.2705,0,0.9955,-0.0943,0.003,0,0,1.7895,0,1]},
{"frame":53,"values":[-0.0214,-0.2625,-0.9647,0,0.0916,0.9603,-0.2633,0,0.9956,-0.094,0.0035,0,0,1.7895,0,1]},
{"frame":68,"values":[-0.0214,-0.2625,-0.9647,0,0.0916,0.9603,-0.2633,0,0.9956,-0.094,0.0035,0,0,1.7895,0,1]}],"loopBehavior":1,"name":"anim","property":"_matrix"}},
{"name":"Bone.020","index":21,"matrix":[-0.0498,-0.0475,-0.9976,0,0.559,0.8264,-0.0672,0,0.8276,-0.5611,-0.0146,0,0,2.616,0,1],"rest":[-0.0001,0.0392,-0.9992,0,-0.0087,0.9992,0.0392,0,1,0.0087,0.0003,0,0,2.616,0,1],"parentBoneIndex":20,"length":1.4438
,"animation":{"dataType":3,"framePerSecond":24,"keys":[
{"frame":3,"values":[-0.0133,-0.0624,-0.998,0,0.2994,0.952,-0.0635,0,0.954,-0.2997,0.006,0,0,2.616,0,1]},
{"frame":4,"values":[-0.0135,-0.0623,-0.998,0,0.3011,0.9515,-0.0635,0,0.9535,-0.3013,0.0059,0,0,2.616,0,1]},
{"frame":5,"values":[-0.0142,-0.0622,-0.998,0,0.3061,0.9499,-0.0635,0,0.9519,-0.3064,0.0055,0,0,2.616,0,1]},
{"frame":6,"values":[-0.0154,-0.0619,-0.998,0,0.3146,0.9471,-0.0636,0,0.9491,-0.3149,0.0049,0,0,2.616,0,1]},
{"frame":7,"values":[-0.017,-0.0614,-0.998,0,0.3263,0.9431,-0.0636,0,0.9451,-0.3267,0.004,0,0,2.616,0,1]},
{"frame":8,"values":[-0.0191,-0.0608,-0.998,0,0.3412,0.9378,-0.0637,0,0.9398,-0.3417,0.0028,0,0,2.616,0,1]},
{"frame":9,"values":[-0.0216,-0.0601,-0.998,0,0.359,0.9312,-0.0638,0,0.9331,-0.3596,0.0014,0,0,2.616,0,1]},
{"frame":10,"values":[-0.0244,-0.0591,-0.998,0,0.3793,0.9231,-0.064,0,0.9249,-0.3801,-0.0001,0,0,2.616,0,1]},
{"frame":11,"values":[-0.0276,-0.058,-0.9979,0,0.4016,0.9136,-0.0642,0,0.9154,-0.4026,-0.0019,0,0,2.616,0,1]},
{"frame":12,"values":[-0.0309,-0.0567,-0.9979,0,0.4253,0.9027,-0.0645,0,0.9045,-0.4264,-0.0037,0,0,2.616,0,1]},
{"frame":13,"values":[-0.0343,-0.0553,-0.9979,0,0.4498,0.8908,-0.0649,0,0.8925,-0.451,-0.0057,0,0,2.616,0,1]},
{"frame":14,"values":[-0.0377,-0.0538,-0.9978,0,0.4742,0.878,-0.0653,0,0.8796,-0.4756,-0.0076,0,0,2.616,0,1]},
{"frame":15,"values":[-0.0411,-0.0522,-0.9978,0,0.4979,0.8647,-0.0657,0,0.8662,-0.4995,-0.0096,0,0,2.616,0,1]},
{"frame":16,"values":[-0.0443,-0.0506,-0.9977,0,0.5203,0.8514,-0.0662,0,0.8528,-0.5221,-0.0114,0,0,2.616,0,1]},
{"frame":17,"values":[-0.0472,-0.049,-0.9977,0,0.5408,0.8385,-0.0667,0,0.8398,-0.5427,-0.0131,0,0,2.616,0,1]},
{"frame":18,"values":[-0.0498,-0.0475,-0.9976,0,0.559,0.8264,-0.0672,0,0.8276,-0.5611,-0.0146,0,0,2.616,0,1]},
{"frame":19,"values":[-0.052,-0.0461,-0.9976,0,0.5747,0.8156,-0.0677,0,0.8167,-0.5768,-0.0159,0,0,2.616,0,1]},
{"frame":20,"values":[-0.0538,-0.045,-0.9975,0,0.5875,0.8064,-0.068,0,0.8074,-0.5897,-0.017,0,0,2.616,0,1]},
{"frame":21,"values":[-0.0552,-0.0441,-0.9975,0,0.5975,0.799,-0.0684,0,0.8,-0.5997,-0.0178,0,0,2.616,0,1]},
{"frame":22,"values":[-0.0562,-0.0434,-0.9975,0,0.6045,0.7936,-0.0686,0,0.7946,-0.6069,-0.0184,0,0,2.616,0,1]},
{"frame":23,"values":[-0.0568,-0.043,-0.9975,0,0.6087,0.7904,-0.0687,0,0.7913,-0.6111,-0.0187,0,0,2.616,0,1]},
{"frame":24,"values":[-0.057,-0.0429,-0.9975,0,0.6101,0.7893,-0.0688,0,0.7903,-0.6125,-0.0189,0,0,2.616,0,1]},
{"frame":25,"values":[-0.0566,-0.0431,-0.9975,0,0.6074,0.7914,-0.0687,0,0.7924,-0.6097,-0.0186,0,0,2.616,0,1]},
{"frame":26,"values":[-0.0555,-0.0439,-0.9975,0,0.5991,0.7977,-0.0684,0,0.7987,-0.6014,-0.0179,0,0,2.616,0,1]},
{"frame":27,"values":[-0.0535,-0.0452,-0.9975,0,0.5852,0.8081,-0.068,0,0.8092,-0.5874,-0.0168,0,0,2.616,0,1]},
{"frame":28,"values":[-0.0507,-0.0469,-0.9976,0,0.5656,0.8219,-0.0674,0,0.8231,-0.5677,-0.0151,0,0,2.616,0,1]},
{"frame":29,"values":[-0.0472,-0.049,-0.9977,0,0.5408,0.8385,-0.0667,0,0.8398,-0.5427,-0.0131,0,0,2.616,0,1]},
{"frame":30,"values":[-0.043,-0.0512,-0.9978,0,0.5116,0.8567,-0.066,0,0.8582,-0.5133,-0.0107,0,0,2.616,0,1]},
{"frame":31,"values":[-0.0384,-0.0535,-0.9978,0,0.479,0.8754,-0.0654,0,0.877,-0.4805,-0.008,0,0,2.616,0,1]},
{"frame":32,"values":[-0.0336,-0.0556,-0.9979,0,0.4448,0.8933,-0.0648,0,0.895,-0.4461,-0.0053,0,0,2.616,0,1]},
{"frame":33,"values":[-0.0289,-0.0575,-0.9979,0,0.411,0.9094,-0.0643,0,0.9112,-0.412,-0.0026,0,0,2.616,0,1]},
{"frame":34,"values":[-0.0244,-0.0591,-0.998,0,0.3793,0.9231,-0.064,0,0.9249,-0.3801,-0.0001,0,0,2.616,0,1]},
{"frame":35,"values":[-0.0206,-0.0604,-0.998,0,0.3516,0.934,-0.0638,0,0.9359,-0.3522,0.002,0,0,2.616,0,1]},
{"frame":36,"values":[-0.0174,-0.0613,-0.998,0,0.329,0.9422,-0.0636,0,0.9442,-0.3295,0.0038,0,0,2.616,0,1]},
{"frame":37,"values":[-0.0151,-0.0619,-0.998,0,0.3126,0.9478,-0.0636,0,0.9498,-0.3129,0.005,0,0,2.616,0,1]},
{"frame":38,"values":[-0.0138,-0.0623,-0.998,0,0.3027,0.951,-0.0635,0,0.953,-0.303,0.0058,0,0,2.616,0,1]},
{"frame":39,"values":[-0.0133,-0.0624,-0.998,0,0.2994,0.952,-0.0635,0,0.954,-0.2997,0.006,0,0,2.616,0,1]},
{"frame":40,"values":[-0.0138,-0.0623,-0.998,0,0.3032,0.9508,-0.0635,0,0.9528,-0.3034,0.0057,0,0,2.616,0,1]},
{"frame":41,"values":[-0.0154,-0.0619,-0.998,0,0.3146,0.9471,-0.0636,0,0.9491,-0.3149,0.0049,0,0,2.616,0,1]},
{"frame":42,"values":[-0.018,-0.0611,-0.998,0,0.3334,0.9406,-0.0636,0,0.9426,-0.3338,0.0034,0,0,2.616,0,1]},
{"frame":43,"values":[-0.0216,-0.0601,-0.998,0,0.359,0.9312,-0.0638,0,0.9331,-0.3596,0.0014,0,0,2.616,0,1]},
{"frame":44,"values":[-0.026,-0.0586,-0.9979,0,0.3902,0.9185,-0.0641,0,0.9203,-0.3911,-0.001,0,0,2.616,0,1]},
{"frame":45,"values":[-0.0309,-0.0567,-0.9979,0,0.4253,0.9027,-0.0645,0,0.9045,-0.4264,-0.0037,0,0,2.616,0,1]},
{"frame":46,"values":[-0.036,-0.0546,-0.9979,0,0.462,0.8845,-0.0651,0,0.8861,-0.4634,-0.0067,0,0,2.616,0,1]},
{"frame":47,"values":[-0.0411,-0.0522,-0.9978,0,0.4979,0.8647,-0.0657,0,0.8662,-0.4995,-0.0096,0,0,2.616,0,1]},
{"frame":48,"values":[-0.0457,-0.0498,-0.9977,0,0.5308,0.8449,-0.0665,0,0.8462,-0.5327,-0.0122,0,0,2.616,0,1]},
{"frame":49,"values":[-0.0498,-0.0475,-0.9976,0,0.559,0.8264,-0.0672,0,0.8276,-0.5611,-0.0146,0,0,2.616,0,1]},
{"frame":50,"values":[-0.0529,-0.0455,-0.9976,0,0.5814,0.8108,-0.0679,0,0.8119,-0.5836,-0.0164,0,0,2.616,0,1]},
{"frame":51,"values":[-0.0552,-0.0441,-0.9975,0,0.5975,0.799,-0.0684,0,0.8,-0.5997,-0.0178,0,0,2.616,0,1]},
{"frame":52,"values":[-0.0566,-0.0432,-0.9975,0,0.607,0.7917,-0.0687,0,0.7927,-0.6093,-0.0186,0,0,2.616,0,1]},
{"frame":53,"values":[-0.057,-0.0429,-0.9975,0,0.6101,0.7893,-0.0688,0,0.7903,-0.6125,-0.0189,0,0,2.616,0,1]},
{"frame":68,"values":[-0.057,-0.0429,-0.9975,0,0.6101,0.7893,-0.0688,0,0.7903,-0.6125,-0.0189,0,0,2.616,0,1]}],"loopBehavior":1,"name":"anim","property":"_matrix"}},
{"name":"Bone.021","index":22,"matrix":[-0.9875,0.1445,0.063,0,0.0041,0.4228,-0.9062,0,-0.1575,-0.8946,-0.4181,0,0,1.4438,0,1],"rest":[-0.9985,0.0526,-0.0129,0,0.0112,-0.0327,-0.9994,0,-0.053,-0.9981,0.0321,0,0,1.4438,0,1],"parentBoneIndex":21,"length":0.8972
,"animation":{"dataType":3,"framePerSecond":24,"keys":[
{"frame":3,"values":[-0.9875,0.1445,0.063,0,0.0041,0.4228,-0.9062,0,-0.1575,-0.8946,-0.4181,0,0,1.4438,0,1]},
{"frame":68,"values":[-0.9875,0.1445,0.063,0,0.0041,0.4228,-0.9062,0,-0.1575,-0.8946,-0.4181,0,0,1.4438,0,1]}],"loopBehavior":1,"name":"anim","property":"_matrix"}},
{"name":"Bone.026","index":23,"matrix":[-0.9992,0.0399,0.006,0,-0.0385,-0.8975,-0.4394,0,-0.0121,-0.4393,0.8983,0,-0.9955,0.1069,-0.1298,1],"rest":[-0.9994,-0.0343,-0.003,0,0.0344,-0.998,-0.0521,0,-0.0012,-0.0522,0.9986,0,-0.9955,0.1069,-0.1298,1],"parentBoneIndex":0,"length":1.7895
,"animation":{"dataType":3,"framePerSecond":24,"keys":[
{"frame":3,"values":[-0.9992,0.0399,0.006,0,-0.0385,-0.8975,-0.4394,0,-0.0121,-0.4393,0.8983,0,-0.9955,0.1069,-0.1298,1]},
{"frame":40,"values":[-0.9993,0.0383,0.0048,0,-0.0367,-0.9034,-0.4273,0,-0.012,-0.4272,0.9041,0,-0.9955,0.1069,-0.1298,1]},
{"frame":41,"values":[-0.9994,0.0334,0.0012,0,-0.0313,-0.9203,-0.39,0,-0.0119,-0.3898,0.9209,0,-0.9955,0.1069,-0.1298,1]},
{"frame":42,"values":[-0.9997,0.0248,-0.0043,0,-0.0221,-0.9453,-0.3254,0,-0.0122,-0.3252,0.9456,0,-0.9955,0.1069,-0.1298,1]},
{"frame":43,"values":[-0.9999,0.0122,-0.0111,0,-0.0092,-0.9726,-0.2322,0,-0.0136,-0.2321,0.9726,0,-0.9955,0.1069,-0.1298,1]},
{"frame":44,"values":[-0.9998,-0.0046,-0.0179,0,0.0066,-0.9937,-0.1117,0,-0.0172,-0.1118,0.9936,0,-0.9955,0.1069,-0.1298,1]},
{"frame":45,"values":[-0.9994,-0.025,-0.0231,0,0.0243,-0.9992,0.0304,0,-0.0238,0.0298,0.9993,0,-0.9955,0.1069,-0.1298,1]},
{"frame":46,"values":[-0.9986,-0.0475,-0.0254,0,0.0421,-0.9823,0.1827,0,-0.0336,0.1814,0.9829,0,-0.9955,0.1069,-0.1298,1]},
{"frame":47,"values":[-0.9973,-0.0701,-0.0242,0,0.0582,-0.9419,0.3308,0,-0.046,0.3285,0.9434,0,-0.9955,0.1069,-0.1298,1]},
{"frame":48,"values":[-0.9957,-0.0906,-0.0201,0,0.0712,-0.8843,0.4614,0,-0.0596,0.458,0.887,0,-0.9955,0.1069,-0.1298,1]},
{"frame":49,"values":[-0.9941,-0.1077,-0.0142,0,0.0808,-0.8202,0.5664,0,-0.0726,0.5618,0.8241,0,-0.9955,0.1069,-0.1298,1]},
{"frame":50,"values":[-0.9927,-0.1206,-0.0081,0,0.0872,-0.7604,0.6436,0,-0.0837,0.6382,0.7653,0,-0.9955,0.1069,-0.1298,1]},
{"frame":51,"values":[-0.9916,-0.1294,-0.0029,0,0.091,-0.7132,0.695,0,-0.092,0.6889,0.719,0,-0.9955,0.1069,-0.1298,1]},
{"frame":52,"values":[-0.9909,-0.1344,0.0004,0,0.0931,-0.6837,0.7239,0,-0.097,0.7173,0.69,0,-0.9955,0.1069,-0.1298,1]},
{"frame":53,"values":[-0.9907,-0.136,0.0015,0,0.0937,-0.6737,0.7331,0,-0.0987,0.7264,0.6802,0,-0.9955,0.1069,-0.1298,1]},
{"frame":54,"values":[-0.9909,-0.1348,0.002,0,0.0937,-0.6772,0.7298,0,-0.097,0.7233,0.6836,0,-0.9955,0.1069,-0.1298,1]},
{"frame":55,"values":[-0.9914,-0.131,0.0036,0,0.0935,-0.6877,0.72,0,-0.0918,0.7141,0.694,0,-0.9955,0.1069,-0.1298,1]},
{"frame":56,"values":[-0.9922,-0.1248,0.0063,0,0.0932,-0.7049,0.7031,0,-0.0833,0.6982,0.711,0,-0.9955,0.1069,-0.1298,1]},
{"frame":57,"values":[-0.9932,-0.1163,0.0103,0,0.0923,-0.7281,0.6793,0,-0.0714,0.6756,0.7338,0,-0.9955,0.1069,-0.1298,1]},
{"frame":58,"values":[-0.9943,-0.1058,0.0157,0,0.0907,-0.7558,0.6485,0,-0.0567,0.6462,0.7611,0,-0.9955,0.1069,-0.1298,1]},
{"frame":59,"values":[-0.9953,-0.094,0.0225,0,0.0881,-0.7864,0.6115,0,-0.0397,0.6106,0.791,0,-0.9955,0.1069,-0.1298,1]},
{"frame":60,"values":[-0.9962,-0.0815,0.0305,0,0.0843,-0.8176,0.5696,0,-0.0214,0.57,0.8213,0,-0.9955,0.1069,-0.1298,1]},
{"frame":61,"values":[-0.9968,-0.069,0.0394,0,0.0795,-0.8473,0.5251,0,-0.0028,0.5266,0.8502,0,-0.9955,0.1069,-0.1298,1]},
{"frame":62,"values":[-0.9972,-0.0574,0.0487,0,0.0738,-0.8739,0.4804,0,0.015,0.4826,0.8757,0,-0.9955,0.1069,-0.1298,1]},
{"frame":63,"values":[-0.9972,-0.0471,0.0578,0,0.0677,-0.8963,0.4383,0,0.0311,0.441,0.897,0,-0.9955,0.1069,-0.1298,1]},
{"frame":64,"values":[-0.9971,-0.0386,0.0659,0,0.0619,-0.9139,0.4012,0,0.0448,0.4041,0.9136,0,-0.9955,0.1069,-0.1298,1]},
{"frame":65,"values":[-0.9968,-0.032,0.0727,0,0.0568,-0.9269,0.371,0,0.0556,0.3739,0.9258,0,-0.9955,0.1069,-0.1298,1]},
{"frame":66,"values":[-0.9966,-0.0274,0.0778,0,0.0529,-0.9357,0.3489,0,0.0633,0.3518,0.9339,0,-0.9955,0.1069,-0.1298,1]},
{"frame":67,"values":[-0.9964,-0.0247,0.0809,0,0.0505,-0.9407,0.3356,0,0.0678,0.3385,0.9385,0,-0.9955,0.1069,-0.1298,1]},
{"frame":68,"values":[-0.9964,-0.0238,0.0819,0,0.0497,-0.9423,0.3312,0,0.0693,0.334,0.94,0,-0.9955,0.1069,-0.1298,1]}],"loopBehavior":1,"name":"anim","property":"_matrix"}},
{"name":"Bone.027","index":24,"matrix":[-0.0003,-0.0777,-0.997,0,0.0939,0.9926,-0.0774,0,0.9956,-0.0936,0.007,0,0,1.7895,0,1],"rest":[0,0,-1,0,0.0945,0.9955,0,0,0.9955,-0.0945,0,0,0,1.7895,0,1],"parentBoneIndex":23,"length":2.616
,"animation":{"dataType":3,"framePerSecond":24,"keys":[
{"frame":3,"values":[0.002,0.3604,-0.9328,0,0.0968,0.9284,0.3588,0,0.9953,-0.091,-0.0331,0,0,1.7895,0,1]},
{"frame":4,"values":[0.0019,0.3579,-0.9338,0,0.0968,0.9293,0.3564,0,0.9953,-0.0911,-0.0328,0,0,1.7895,0,1]},
{"frame":5,"values":[0.0019,0.3503,-0.9366,0,0.0968,0.9322,0.3488,0,0.9953,-0.0913,-0.0321,0,0,1.7895,0,1]},
{"frame":6,"values":[0.0018,0.3375,-0.9413,0,0.0967,0.9369,0.3361,0,0.9953,-0.0916,-0.031,0,0,1.7895,0,1]},
{"frame":7,"values":[0.0017,0.3195,-0.9476,0,0.0966,0.9431,0.3182,0,0.9953,-0.0921,-0.0293,0,0,1.7895,0,1]},
{"frame":8,"values":[0.0015,0.2964,-0.9551,0,0.0965,0.9506,0.2952,0,0.9953,-0.0926,-0.0271,0,0,1.7895,0,1]},
{"frame":9,"values":[0.0013,0.2684,-0.9633,0,0.0963,0.9588,0.2673,0,0.9954,-0.0931,-0.0245,0,0,1.7895,0,1]},
{"frame":10,"values":[0.0011,0.2358,-0.9718,0,0.0961,0.9673,0.2348,0,0.9954,-0.0936,-0.0215,0,0,1.7895,0,1]},
{"frame":11,"values":[0.0009,0.1993,-0.9799,0,0.0958,0.9754,0.1984,0,0.9954,-0.0941,-0.0182,0,0,1.7895,0,1]},
{"frame":12,"values":[0.0007,0.1597,-0.9872,0,0.0956,0.9826,0.159,0,0.9954,-0.0945,-0.0146,0,0,1.7895,0,1]},
{"frame":13,"values":[0.0005,0.118,-0.993,0,0.0953,0.9885,0.1175,0,0.9954,-0.0947,-0.0107,0,0,1.7895,0,1]},
{"frame":14,"values":[0.0003,0.0756,-0.9971,0,0.095,0.9926,0.0753,0,0.9955,-0.0948,-0.0069,0,0,1.7895,0,1]},
{"frame":15,"values":[0.0001,0.0336,-0.9994,0,0.0947,0.9949,0.0334,0,0.9955,-0.0947,-0.0031,0,0,1.7895,0,1]},
{"frame":16,"values":[-0.0001,-0.0067,-1,0,0.0944,0.9955,-0.0067,0,0.9955,-0.0944,0.0006,0,0,1.7895,0,1]},
{"frame":17,"values":[-0.0002,-0.0441,-0.999,0,0.0941,0.9946,-0.0439,0,0.9956,-0.094,0.0039,0,0,1.7895,0,1]},
{"frame":18,"values":[-0.0003,-0.0777,-0.997,0,0.0939,0.9926,-0.0774,0,0.9956,-0.0936,0.007,0,0,1.7895,0,1]},
{"frame":19,"values":[-0.0004,-0.1068,-0.9943,0,0.0936,0.9899,-0.1064,0,0.9956,-0.0932,0.0096,0,0,1.7895,0,1]},
{"frame":20,"values":[-0.0005,-0.1309,-0.9914,0,0.0935,0.987,-0.1304,0,0.9956,-0.0927,0.0117,0,0,1.7895,0,1]},
{"frame":21,"values":[-0.0006,-0.1498,-0.9887,0,0.0933,0.9844,-0.1492,0,0.9956,-0.0923,0.0134,0,0,1.7895,0,1]},
{"frame":22,"values":[-0.0006,-0.1632,-0.9866,0,0.0932,0.9823,-0.1625,0,0.9956,-0.092,0.0146,0,0,1.7895,0,1]},
{"frame":23,"values":[-0.0006,-0.1712,-0.9852,0,0.0931,0.9809,-0.1705,0,0.9957,-0.0919,0.0153,0,0,1.7895,0,1]},
{"frame":24,"values":[-0.0006,-0.1738,-0.9848,0,0.0931,0.9805,-0.1731,0,0.9957,-0.0918,0.0156,0,0,1.7895,0,1]},
{"frame":25,"values":[-0.0006,-0.1686,-0.9857,0,0.0932,0.9814,-0.168,0,0.9957,-0.0919,0.0151,0,0,1.7895,0,1]},
{"frame":26,"values":[-0.0006,-0.1529,-0.9882,0,0.0933,0.9839,-0.1523,0,0.9956,-0.0923,0.0137,0,0,1.7895,0,1]},
{"frame":27,"values":[-0.0005,-0.1265,-0.992,0,0.0935,0.9876,-0.126,0,0.9956,-0.0928,0.0113,0,0,1.7895,0,1]},
{"frame":28,"values":[-0.0004,-0.0899,-0.9959,0,0.0938,0.9916,-0.0896,0,0.9956,-0.0934,0.0081,0,0,1.7895,0,1]},
{"frame":29,"values":[-0.0002,-0.0441,-0.999,0,0.0941,0.9946,-0.0439,0,0.9956,-0.094,0.0039,0,0,1.7895,0,1]},
{"frame":30,"values":[0,0.0091,-1,0,0.0945,0.9955,0.0091,0,0.9955,-0.0945,-0.0009,0,0,1.7895,0,1]},
{"frame":31,"values":[0.0003,0.0671,-0.9977,0,0.0949,0.9932,0.0668,0,0.9955,-0.0947,-0.0061,0,0,1.7895,0,1]},
{"frame":32,"values":[0.0005,0.1265,-0.992,0,0.0954,0.9874,0.1259,0,0.9954,-0.0947,-0.0115,0,0,1.7895,0,1]},
{"frame":33,"values":[0.0009,0.1837,-0.983,0,0.0957,0.9784,0.183,0,0.9954,-0.0943,-0.0168,0,0,1.7895,0,1]},
{"frame":34,"values":[0.0011,0.2358,-0.9718,0,0.0961,0.9673,0.2348,0,0.9954,-0.0936,-0.0215,0,0,1.7895,0,1]},
{"frame":35,"values":[0.0014,0.2802,-0.9599,0,0.0964,0.9554,0.279,0,0.9953,-0.0929,-0.0256,0,0,1.7895,0,1]},
{"frame":36,"values":[0.0016,0.3153,-0.949,0,0.0966,0.9445,0.314,0,0.9953,-0.0922,-0.0289,0,0,1.7895,0,1]},
{"frame":37,"values":[0.0018,0.3405,-0.9403,0,0.0967,0.9358,0.339,0,0.9953,-0.0916,-0.0312,0,0,1.7895,0,1]},
{"frame":38,"values":[0.0019,0.3554,-0.9347,0,0.0968,0.9302,0.3539,0,0.9953,-0.0912,-0.0326,0,0,1.7895,0,1]},
{"frame":39,"values":[0.002,0.3604,-0.9328,0,0.0968,0.9284,0.3588,0,0.9953,-0.091,-0.0331,0,0,1.7895,0,1]},
{"frame":40,"values":[0.0019,0.3547,-0.935,0,0.0968,0.9305,0.3532,0,0.9953,-0.0912,-0.0326,0,0,1.7895,0,1]},
{"frame":41,"values":[0.0018,0.3375,-0.9413,0,0.0967,0.9369,0.3361,0,0.9953,-0.0916,-0.031,0,0,1.7895,0,1]},
{"frame":42,"values":[0.0016,0.3086,-0.9512,0,0.0965,0.9467,0.3073,0,0.9953,-0.0923,-0.0283,0,0,1.7895,0,1]},
{"frame":43,"values":[0.0013,0.2684,-0.9633,0,0.0963,0.9588,0.2673,0,0.9954,-0.0931,-0.0245,0,0,1.7895,0,1]},
{"frame":44,"values":[0.001,0.218,-0.976,0,0.096,0.9714,0.2171,0,0.9954,-0.0939,-0.0199,0,0,1.7895,0,1]},
{"frame":45,"values":[0.0007,0.1597,-0.9872,0,0.0956,0.9826,0.159,0,0.9954,-0.0945,-0.0146,0,0,1.7895,0,1]},
{"frame":46,"values":[0.0004,0.0968,-0.9953,0,0.0951,0.9908,0.0964,0,0.9955,-0.0947,-0.0088,0,0,1.7895,0,1]},
{"frame":47,"values":[0.0001,0.0336,-0.9994,0,0.0947,0.9949,0.0334,0,0.9955,-0.0947,-0.0031,0,0,1.7895,0,1]},
{"frame":48,"values":[-0.0001,-0.0258,-0.9997,0,0.0943,0.9952,-0.0257,0,0.9955,-0.0942,0.0023,0,0,1.7895,0,1]},
{"frame":49,"values":[-0.0003,-0.0777,-0.997,0,0.0939,0.9926,-0.0774,0,0.9956,-0.0936,0.007,0,0,1.7895,0,1]},
{"frame":50,"values":[-0.0005,-0.1195,-0.9928,0,0.0935,0.9885,-0.119,0,0.9956,-0.0929,0.0107,0,0,1.7895,0,1]},
{"frame":51,"values":[-0.0006,-0.1498,-0.9887,0,0.0933,0.9844,-0.1492,0,0.9956,-0.0923,0.0134,0,0,1.7895,0,1]},
{"frame":52,"values":[-0.0006,-0.1679,-0.9858,0,0.0932,0.9815,-0.1672,0,0.9957,-0.0919,0.015,0,0,1.7895,0,1]},
{"frame":53,"values":[-0.0006,-0.1738,-0.9848,0,0.0931,0.9805,-0.1731,0,0.9957,-0.0918,0.0156,0,0,1.7895,0,1]},
{"frame":68,"values":[-0.0006,-0.1738,-0.9848,0,0.0931,0.9805,-0.1731,0,0.9957,-0.0918,0.0156,0,0,1.7895,0,1]}],"loopBehavior":1,"name":"anim","property":"_matrix"}},
{"name":"Bone.028","index":25,"matrix":[0.0182,0.0369,-0.9992,0,0.1316,0.9905,0.0389,0,0.9911,-0.1322,0.0132,0,0,2.616,0,1],"rest":[-0.0001,0.0392,-0.9992,0,-0.0087,0.9992,0.0392,0,1,0.0087,0.0003,0,0,2.616,0,1],"parentBoneIndex":24,"length":1.4438
,"animation":{"dataType":3,"framePerSecond":24,"keys":[
{"frame":3,"values":[0.0182,0.0369,-0.9992,0,0.1316,0.9905,0.0389,0,0.9911,-0.1322,0.0132,0,0,2.616,0,1]},
{"frame":68,"values":[0.0182,0.0369,-0.9992,0,0.1316,0.9905,0.0389,0,0.9911,-0.1322,0.0132,0,0,2.616,0,1]}],"loopBehavior":1,"name":"anim","property":"_matrix"}},
{"name":"Bone.029","index":26,"matrix":[-0.9973,0.0632,-0.0361,0,0.0526,0.282,-0.958,0,-0.0504,-0.9573,-0.2846,0,0,1.4438,0,1],"rest":[-0.9985,0.0526,-0.0129,0,0.0112,-0.0327,-0.9994,0,-0.053,-0.9981,0.0321,0,0,1.4438,0,1],"parentBoneIndex":25,"length":0.8972
,"animation":{"dataType":3,"framePerSecond":24,"keys":[
{"frame":3,"values":[-0.9973,0.0632,-0.0361,0,0.0526,0.282,-0.958,0,-0.0504,-0.9573,-0.2846,0,0,1.4438,0,1]},
{"frame":68,"values":[-0.9973,0.0632,-0.0361,0,0.0526,0.282,-0.958,0,-0.0504,-0.9573,-0.2846,0,0,1.4438,0,1]}],"loopBehavior":1,"name":"anim","property":"_matrix"}}]
,"ranges":[{"name":"ArmatureAction","from":0,"to":68}]}],
"meshes":[{"name":"Cube","id":"Cube","billboardMode":0,"position":[-0.0171,0.0367,0.1087],"rotation":[0,0,0],"scaling":[1,1,1],"isVisible":true,"freezeWorldMatrix":false,"isEnabled":true,"checkCollisions":false,"receiveShadows":false,"tags":"","skeletonId":0,"numBoneInfluencers":4
,"positions":[-0.0445,2.374,-0.2993,0.0121,3.4578,1,-0.0255,1.8858,1.4312,1.4281,2.1268,1.3898,4.5321,-0.1465,-1,4.8505,-0.8953,1,4.5321,-0.1465,1,1.4108,2.5198,-0.368,0.0121,3.4578,-1,-0.0356,1.4723,-0.4008,1.3289,0.8763,-0.4655,1.2501,1.7193,0.0088,1.5772,3.4333,-0.9856,3.506,0.0949,1,3.506,0.0949,-1,0,3.9703,-1,0,3.9703,1
,1.5783,3.4372,1,2.2787,3.9496,1,0,7.462,-1,0.9232,9.2407,-1,0,9.1967,-1,0.6747,4.6473,-1,0,4.6318,-1,0.6747,4.6473,1,2.2787,3.9496,-1,1.637,-0.9384,0.1649,1.4,-0.7117,0.5388,1.2924,0.9268,1.427,0.0079,-0.6727,0.7906,-0.0123,0.7628,1.2608,-0.0047,-0.4865,-0.9577,1.5586,0.8192,-0.7373,0.2828,0.0236,-1.1556
